008
221652.1 620736.7
231652.1 620670.0
221606.2 614486.8
231606.2 614420.2
009
231652.1 620670.0
241652.3 620603.8
231606.2 614420.2
241606.2 614353.9
013
161606.2 614895.5
171606.2 614826.4
161560.8 608645.7
171560.8 608576.5
014
171606.2 614826.4
181606.2 614757.6
171560.8 608576.5
181560.7 608507.8
015
181606.2 614757.6
191606.2 614689.3
181560.7 608507.8
191560.6 608439.5
016
191606.2 614689.3
201606.2 614621.4
191560.6 608439.5
201560.5 608371.6
017
201606.2 614621.4
211606.2 614553.9
201560.5 608371.6
211560.4 608304.1
018
211606.2 614553.9
221606.2 614486.8
211560.4 608304.1
221560.3 608237.0
020
231606.2 614420.2
241606.2 614353.9
231560.3 608170.3
241560.3 608103.9
021
241606.2 614353.9
251606.3 614288.3
241560.3 608103.9
251560.3 608038.3
024
141560.8 608785.2
151560.8 608715.2
141515.7 602535.3
151515.6 602465.3
025
151560.8 608715.2
161560.8 608645.7
151515.6 602465.3
161515.6 602395.8
026
161560.8 608645.7
171560.8 608576.5
161515.6 602395.8
171515.4 602326.7
027
171560.8 608576.5
181560.7 608507.8
171515.4 602326.7
181513.3 602258.0
028
181560.7 608507.8
191560.6 608439.5
181513.3 602258.0
191515.1 602189.7
029
191560.6 608439.5
201560.5 608371.6
191515.1 602189.7
201515.0 602121.8
030
201560.5 608371.6
211560.4 608304.1
201515.0 602121.8
211514.8 602054.3
031
211560.4 608304.1
221560.3 608237.0
211514.8 602054.3
221514.7 601987.2
032
221560.3 608237.0
231560.3 608170.3
221514.7 601987.2
231514.6 601920.4
033
231560.3 608170.3
241560.3 608103.9
231514.6 601920.4
241514.5 601854.0
034
241560.3 608103.9
251560.3 608038.3
241514.5 601854.0
251514.5 601788.0
035
251560.3 608038.3
261560.4 607972.3
251514.5 601788.0
261514.4 601722.3
037
131515.6 602605.6
141515.7 602535.3
131470.7 596355.6
141470.6 596285.3
038
141515.7 602535.3
151515.6 602465.3
141470.6 596285.3
151470.5 596215.5
039
151515.6 602465.3
161515.6 602395.8
151470.5 596215.5
161470.4 596146.0
040
161515.6 602395.8
171515.4 602326.7
161470.4 596146.0
171470.2 596076.9
041
171515.4 602326.7
181513.3 602258.0
171470.2 596076.9
181470.0 596008.3
042
181513.3 602258.0
191515.1 602189.7
181470.0 596008.3
191469.8 595940.0
043
191515.1 602189.7
201515.0 602121.8
191469.8 595940.0
201469.6 595872.1
044
201515.0 602121.8
211514.8 602054.3
201469.6 595872.1
211469.4 595804.5
045
211514.8 602054.3
221514.7 601987.2
211469.4 595804.5
221469.2 595737.4
046
221514.7 601987.2
231514.6 601920.4
221469.2 595737.4
231469.0 595670.6
047
231514.6 601920.4
241514.5 601854.0
231469.0 595670.6
241468.8 595604.1
048
241514.5 601854.0
251514.5 601788.0
241468.8 595604.1
251468.7 595538.0
049
251514.5 601788.0
261514.4 601722.3
251468.7 595538.0
261468.7 595472.2
052
121470.7 596426.3
131470.7 596355.6
121425.9 590176.3
131425.8 590105.7
053
131470.7 596355.6
141470.6 596285.3
131425.8 590105.7
141425.7 590035.5
054
141470.6 596285.3
151470.5 596215.5
141425.7 590035.5
151425.5 589965.6
056
161470.4 596146.0
171470.2 596076.9
161425.3 589896.2
171425.1 589827.2
057
171470.2 596076.9
181470.0 596008.3
171425.1 589827.2
181424.8 589758.5
058
181470.0 596008.3
191469.8 595940.0
181424.8 589758.5
191424.6 589690.2
059
191469.8 595940.0
201469.6 595872.1
191424.6 589690.2
201424.3 589622.3
060
201469.6 595872.1
211469.4 595804.5
201424.3 589622.3
211424.0 589554.8
061
211469.4 595804.5
221469.2 595737.4
211424.0 589554.8
221423.8 589487.6
062
221469.2 595737.4
231469.0 595670.6
221423.8 589487.6
231423.5 589420.7
063
231469.0 595670.6
241468.8 595604.1
231423.5 589420.7
241423.3 589354.2
064
241468.8 595604.1
251468.7 595538.0
241423.3 589354.2
251423.2 589288.1
065
251468.7 595538.0
261468.7 595472.2
251423.2 589288.1
261423.0 589222.2
066
261468.7 595472.2
271468.7 595406.8
261423.0 589222.2
271423.0 589156.7
069
121425.9 590176.3
131425.8 590105.7
121381.2 583926.3
131381.1 583855.8
070
131425.8 590105.7
141425.7 590035.5
131381.1 583855.8
141380.9 583785.6
072
151425.5 589965.6
161425.3 589896.2
151380.7 583715.8
161380.4 583646.5
073
161425.3 589896.2
171425.1 589827.2
161380.4 583646.5
171380.1 583577.4
074
171425.1 589827.2
181424.8 589758.5
171380.1 583577.4
181379.8 583508.8
075
181424.8 589758.5
191424.6 589690.2
181379.8 583508.8
191379.5 583440.5
076
191424.6 589690.2
201424.3 589622.3
191379.5 583440.5
201379.1 583372.6
077
201424.3 589622.3
211424.0 589554.8
201379.1 583372.6
211378.8 583305.0
078
211424.0 589554.8
221423.8 589487.6
211378.8 583305.0
221378.5 583237.8
079
221423.8 589487.6
231423.5 589420.7
221378.5 583237.8
231378.2 583170.9
080
231423.5 589420.7
241423.3 589354.2
231378.2 583170.9
241377.9 583104.4
081
241423.3 589354.2
251423.2 589288.1
241377.9 583104.0
251377.7 583038.1
082
251423.2 589288.1
261423.0 589222.2
251377.7 583038.1
261377.6 582972.2
083
261423.0 589222.2
271423.0 589156.7
261377.6 582972.2
271377.4 582906.6
084
271423.0 589156.7
281423.0 589091.5
271377.4 582906.6
281377.4 582841.3
085
111381.2 583997.3
121381.2 583926.3
111336.7 577747.3
121336.6 577676.4
086
121381.2 583926.3
131381.1 583855.8
121336.6 577676.4
131336.4 577605.9
089
151380.7 583715.8
161380.4 583646.5
151335.9 577466.1
161335.6 577396.7
090
161380.4 583646.5
171380.1 583577.4
161335.6 577396.7
171335.2 577327.7
091
171380.1 583577.4
181379.8 583508.8
171335.2 577327.7
181334.8 577259.1
092
181379.8 583508.8
191379.5 583440.5
181334.8 577259.1
191334.5 577190.8
093
191379.5 583440.5
201379.1 583372.6
191334.5 577190.8
201334.1 577122.9
094
201379.1 583372.6
211378.8 583305.0
201334.1 577122.9
211333.7 577055.3
095
211378.8 583305.0
221378.5 583237.8
211333.7 577055.3
221333.3 576988.0
096
221378.5 583237.8
231378.2 583170.9
221333.3 576988.0
231333.0 576921.1
097
231378.2 583170.9
241377.9 583104.4
231333.0 576921.1
241332.7 576854.5
098
241377.9 583104.4
251377.7 583038.1
241332.7 576854.5
251332.4 576788.2
099
251377.7 583038.1
261377.6 582972.2
251332.4 576788.2
261332.2 576722.2
100
261377.6 582972.2
271377.4 582906.6
261332.2 576722.2
271332.1 576656.5
101
271377.4 582906.6
281377.4 582841.3
271332.1 576656.5
281332.0 576591.1
103
111336.7 577747.3
121336.6 577676.4
111292.2 571497.2
121292.0 571426.4
104
121336.6 577676.4
131336.4 577605.9
121292.0 571426.4
131291.8 571356.0
107
151335.9 577466.1
161335.6 577396.7
151291.2 571216.3
161290.8 571147.0
108
161335.6 577396.7
171335.2 577327.7
161290.8 571147.0
171290.4 571078.0
109
171335.2 577327.7
181334.8 577259.1
171290.4 571078.0
181290.0 571009.4
110
181334.8 577259.1
191334.5 577190.8
181290.0 571009.4
191289.6 570941.1
111
191334.5 577190.8
201334.1 577122.9
191289.6 570941.1
201289.2 570873.2
112
201334.1 577122.9
211333.7 577055.3
201289.2 570873.2
211288.7 570805.6
113
211333.7 577055.3
221333.3 576988.0
211288.7 570805.6
221288.3 570738.3
114
221333.3 576988.0
231333.0 576921.0
221288.3 570738.3
231287.9 570671.3
115
231333.0 576921.1
241332.7 576854.5
231287.9 570671.3
241287.6 570604.6
116
241332.7 576854.5
251332.4 576788.2
241287.6 570604.6
251287.3 570538.3
117
251332.4 576788.2
261332.2 576722.2
251287.3 570538.3
261287.0 570472.2
118
261332.2 576722.2
271332.1 576656.5
261287.0 570472.2
271286.8 570406.4
119
271332.1 576656.5
281332.0 576591.1
271286.8 570406.4
281286.7 570340.9
120
101292.3 571568.4
111292.2 571497.2
101247.9 565318.3
111247.8 565247.3
121
111292.2 571497.2
121292.0 571426.4
111247.8 565247.3
121247.6 565176.5
122
121292.0 571426.4
131291.8 571356.0
121247.6 565176.5
131247.3 565106.2
125
151291.2 571216.3
161290.8 571147.0
151246.6 564966.6
161246.2 564897.3
126
161290.8 571147.0
171290.4 571078.0
161246.2 564897.3
171245.7 564828.4
127
171290.4 571078.0
181290.0 571009.4
171245.7 564828.4
181245.3 564759.7
128
181290.0 571009.4
191289.6 570941.1
181245.3 564759.7
191244.8 564691.5
129
191289.6 570941.1
201289.2 570873.2
191244.8 564691.5
201244.3 564623.5
130
201289.2 570873.2
211288.7 570805.6
201244.3 564623.5
211243.9 564555.9
131
211288.7 570805.6
221288.3 570738.3
211243.9 564555.9
221243.4 564488.6
132
221288.3 570738.3
231287.9 570671.3
221243.4 564488.6
231243.0 564421.5
133
231287.9 570671.3
241287.6 570604.6
231243.0 564421.5
241242.6 564354.8
134
241287.6 570604.6
251287.3 570538.3
241242.6 564354.8
251242.2 564288.4
135
251287.3 570538.3
261287.0 570472.2
251242.2 564288.4
261241.9 564222.2
136
261287.0 570472.2
271286.8 570406.4
261241.9 564222.2
271241.7 564156.3
137
271286.8 570406.4
281286.7 570340.9
271241.7 564156.3
281241.5 564090.7
138
101247.9 565318.3
111247.8 565247.3
101203.5 559068.3
111203.4 558997.3
139
111247.8 565247.3
121247.6 565176.5
111203.4 558997.3
121203.2 558926.7
143
151246.6 564966.6
161246.2 564897.3
151202.1 558716.9
161201.6 558647.6
144
161246.2 564897.3
171245.7 564828.4
161201.6 558647.6
171201.2 558578.7
145
171245.7 564828.4
181245.3 564759.7
171201.2 558578.7
181200.7 558509.9
146
181245.3 564759.7
191244.8 564691.5
181200.7 558509.9
191200.2 558441.8
147
191244.8 564691.5
201244.3 564623.5
191200.2 558441.8
201199.6 558373.8
148
201244.3 564623.5
211243.9 564555.9
201199.6 558373.8
211199.1 558306.2
149
211243.9 564555.9
221243.4 564488.6
211199.1 558306.2
221198.6 558238.8
150
221243.4 564488.6
231243.0 564421.5
221198.6 558238.8
231198.2 558171.7
151
231243.0 564421.5
241242.6 564354.8
231198.2 558171.7
241197.7 558104.9
152
241242.6 564354.8
251242.2 564288.4
241197.7 558104.9
251197.4 558038.4
153
251242.2 564288.4
261241.9 564222.2
251197.4 558038.4
261197.0 557972.2
154
261241.9 564222.2
271241.7 564156.3
261197.0 557972.2
271196.7 557906.2
155
271241.7 564156.3
281241.5 564090.7
271196.7 557906.2
281196.5 557840.5
156
101203.5 559068.3
111203.4 558997.3
101159.4 552818.3
111159.2 552747.4
157
111203.4 558997.3
121203.2 558926.7
111159.2 552747.4
121158.9 552676.8
161
151202.1 558716.9
161201.6 558647.6
151157.7 552467.2
161157.2 552397.9
162
161201.6 558647.6
171201.2 558578.7
161157.2 552397.9
171156.7 552329.0
163
171201.2 558578.7
181200.7 558509.9
171156.7 552329.0
181156.1 552260.4
164
181200.7 558509.9
191200.2 558441.8
181156.1 552260.4
191155.6 552192.2
165
191200.2 558441.8
201199.6 558373.8
191155.6 552192.2
201155.0 552124.2
166
201199.6 558373.8
211199.1 558306.2
201155.0 552124.2
211154.5 552056.5
167
211199.1 558306.2
221198.6 558238.8
211154.5 552056.5
221154.0 551989.1
168
221198.6 558238.8
231198.2 558171.7
221154.0 551989.1
231153.5 551922.0
169
231198.2 558171.7
241197.7 558104.9
231153.5 551922.0
241153.0 551855.1
170
241197.7 558104.9
251197.4 558038.4
241153.0 551855.1
251152.6 551788.5
171
251197.4 558038.4
261197.0 557972.2
251152.6 551788.5
261152.2 551722.2
172
261197.0 557972.2
271196.7 557906.2
261152.2 551722.2
271151.9 551656.1
173
271196.7 557906.2
281196.5 557840.5
271151.9 551656.1
281151.7 551590.3
174
101159.4 552818.3
111159.2 552747.4
101115.3 546568.3
111115.0 546497.4
175
111159.2 552747.4
121158.9 552676.8
111115.0 546497.4
121114.7 546426.9
176
121158.9 552676.8
131158.6 552606.6
121114.7 546426.9
131114.3 546356.8
177
131158.6 552606.6
141158.1 552536.7
131114.3 546356.8
141113.9 546287.0
179
151157.7 552467.2
161157.2 552397.9
151113.4 546217.5
161112.8 546148.3
180
161157.2 552397.9
171156.7 552329.0
161112.8 546148.3
171112.3 546079.4
181
171156.7 552329.0
181156.1 552260.4
171112.3 546079.4
181111.7 546010.8
182
181156.1 552260.4
191155.6 552192.2
181111.7 546010.8
191111.1 545942.5
183
191155.6 552192.2
201155.0 552124.2
191111.1 545942.5
201110.6 545874.5
184
201155.0 552124.2
211154.5 552056.5
201110.6 545874.5
211110.0 545806.8
185
211154.5 552056.5
221154.0 551989.1
211110.0 545806.8
221109.4 545739.4
186
221154.0 551989.1
231153.5 551922.0
221109.4 545739.4
231108.9 545672.2
187
231153.5 551922.0
241153.0 551855.1
231108.9 545672.2
241108.4 545605.3
188
241153.0 551855.1
251152.6 551788.5
241108.4 545605.3
251107.9 545538.6
189
251152.6 551788.5
261152.2 551722.2
251107.9 545538.6
261107.5 545472.2
190
261152.2 551722.2
271151.9 551656.1
261107.5 545472.2
271107.2 545406.0
191
271151.9 551656.1
281151.7 551590.3
271107.2 545406.0
281106.9 545340.1
192
101115.3 546568.3
111115.0 546497.4
101071.2 540318.3
111070.9 540247.5
193
111115.0 546497.4
121114.7 546426.9
111070.9 540247.5
121070.6 540177.1
194
121114.7 546426.9
131114.3 546356.8
121070.6 540177.1
131070.1 540107.0
195
131114.3 546356.8
141113.9 546287.0
131070.1 540107.0
141069.7 540037.3
197
151113.4 546217.5
161112.8 546148.3
151069.1 539967.8
161068.6 539898.6
198
161112.8 546148.3
171112.3 546079.4
161068.6 539898.6
171068.0 539829.8
199
171112.3 546079.4
181111.7 546010.8
171068.0 539829.8
181067.4 539761.2
200
181111.7 546010.8
191111.1 545942.5
181067.4 539761.2
191066.8 539692.9
201
191111.1 545942.5
201110.6 545874.5
191066.8 539692.9
201066.2 539624.9
202
201110.6 545874.5
211110.0 545806.8
201066.2 539624.9
211065.6 539557.1
203
211110.0 545806.8
221109.4 545739.4
211065.6 539557.1
221065.0 539489.6
204
221109.4 545739.4
231108.9 545672.2
221065.0 539489.6
231064.4 539422.4
205
231108.9 545672.2
241108.4 545605.3
231064.4 539422.4
241063.9 539355.4
206
241108.4 545605.3
251107.9 545538.6
241063.9 539355.4
251063.4 539288.7
207
251107.9 545538.6
261107.5 545472.2
251063.4 539288.7
261063.0 539222.2
208
261107.5 545472.2
271107.2 545406.0
261063.0 539222.2
271062.6 539155.9
209
271107.2 545406.0
281106.9 545340.1
271062.6 539155.9
281062.3 539089.9
210
101071.2 540318.3
111070.9 540247.5
101027.2 534068.3
111026.9 533997.6
211
111070.9 540247.5
121070.6 540177.1
111026.9 533997.6
121026.5 533927.3
212
121070.6 540177.1
131070.1 540107.0
121026.5 533927.3
131026.1 533857.3
213
131070.1 540107.0
141069.7 540037.3
131026.1 533857.3
141025.5 533787.6
216
161068.6 539898.6
171068.0 539829.8
161024.4 533649.0
171023.8 533580.1
217
171068.0 539829.8
181067.4 539761.2
171023.8 533580.1
181023.2 533511.6
218
181067.4 539761.2
191066.8 539692.9
181023.2 533511.6
191022.5 533443.3
219
191066.8 539692.9
201066.2 539624.9
191022.5 533443.3
201021.9 533375.2
220
201066.2 539624.9
211065.6 539557.1
201021.9 533375.2
211021.3 533307.8
221
211065.6 539557.1
221065.0 539489.6
211021.3 533307.8
221020.6 533239.9
222
221065.0 539489.6
231064.4 539422.4
221020.6 533239.9
231020.1 533172.6
223
231064.4 539422.4
241063.9 539355.4
231020.1 533172.6
241019.5 533105.6
224
241063.9 539355.4
251063.4 539288.7
241019.5 533105.6
251019.0 533038.8
225
251063.4 539288.7
261063.0 539222.2
251019.0 533038.8
261018.5 532972.2
226
261063.0 539222.2
271062.6 539155.9
261018.5 532972.2
271018.2 532905.8
227
101027.2 534068.3
111026.9 533997.6
100983.3 527818.3
110982.9 527747.8
228
111026.9 533997.6
121026.5 533927.3
110982.9 527747.8
120982.5 527677.5
229
121026.5 533927.3
131026.1 533857.3
120982.5 527677.5
130982.0 527607.5
230
131026.1 533857.3
141025.5 533787.6
130982.0 527607.5
140981.5 527537.9
231
141025.5 533787.6
151025.0 533718.1
140981.5 527537.9
150980.9 527468.5
235
181023.2 533511.6
191022.5 533443.3
180979.0 527261.9
190978.4 527193.6
236
191022.5 533443.3
201021.9 533375.2
190978.4 527193.6
200977.7 527125.6
237
201021.9 533375.2
211021.3 533307.8
200977.7 527125.6
210977.0 527057.7
238
211021.3 533307.8
221020.6 533239.9
210977.0 527057.7
220976.4 526990.2
239
221020.6 533239.9
231020.1 533172.6
220976.4 526990.2
230975.8 526922.8
240
231020.1 533172.6
241019.5 533105.6
230975.8 526922.8
240975.2 526855.7
241
241019.5 533105.6
251019.0 533038.8
240975.2 526855.7
250974.7 526788.8
242
251019.0 533038.8
261018.5 532972.2
250974.7 526788.8
260974.2 526722.1
243
261018.5 532972.2
271018.2 532905.8
260974.2 526722.1
270973.8 526655.7
244
100983.3 527818.3
110982.9 527747.8
100939.4 521568.4
110939.0 521497.9
245
110982.9 527747.8
120982.5 527677.5
110939.0 521497.9
120938.6 521427.7
246
120982.5 527677.5
130982.0 527607.5
120938.6 521427.7
130938.1 521357.8
247
130982.0 527607.5
140981.5 527537.9
130938.1 521357.8
140937.5 521288.2
248
140981.5 527537.9
150980.9 527468.5
140937.5 521288.2
150936.9 521218.8
253
190978.4 527193.6
200977.7 527125.6
190934.3 520944.0
200933.6 520875.9
254
200977.7 527125.6
210977.0 527057.7
200933.6 520875.9
210932.9 520808.1
255
210977.0 527057.7
220976.4 526990.2
210932.9 520808.1
220932.3 520740.4
256
220976.4 526990.2
230975.8 526922.8
220932.3 520740.4
230931.6 520673.0
257
230975.8 526922.8
240975.2 526855.7
230931.6 520673.0
240931.1 520605.9
258
240975.2 526855.7
250974.7 526788.8
240931.1 520605.9
250930.5 520538.9
259
250974.7 526788.8
260974.2 526722.1
250930.5 520538.9
260930.0 520472.1
260
260974.2 526722.1
270973.8 526655.7
260930.0 520472.1
270929.6 520405.5
261
100939.4 521568.4
110939.0 521497.9
100895.6 515318.5
110895.2 515248.1
262
110939.0 521497.9
120938.6 521427.7
110895.2 515248.1
120894.7 515177.9
263
120938.6 521427.7
130938.1 521357.8
120894.7 515177.9
130894.2 515108.1
264
130938.1 521357.8
140937.5 521288.2
130894.2 515108.1
140893.6 515038.5
265
140937.5 521288.2
150936.9 521218.8
140893.6 515038.5
150893.0 514969.2
267
160936.3 521149.7
170935.6 521080.9
160892.3 514900.1
170891.7 514831.3
269
180935.0 521012.3
190934.3 520944.0
180891.0 514762.7
190890.3 514694.4
270
190934.3 520944.0
200933.6 520875.9
190890.3 514694.4
200889.6 514626.3
271
200933.6 520875.9
210932.9 520808.1
200889.6 514626.3
210888.9 514558.4
272
210932.9 520808.1
220932.3 520740.4
210888.9 514558.4
220888.2 514490.7
273
220932.3 520740.4
230931.6 520673.0
220888.2 514490.7
230887.6 514423.2
274
230931.6 520673.0
240931.1 520605.9
230887.6 514423.2
240887.0 514356.0
275
240931.1 520605.9
250930.5 520538.9
240887.0 514356.0
250886.4 514288.9
276
250930.5 520538.9
260930.0 520472.1
250886.4 514288.9
260885.9 514222.1
277
260930.0 520472.1
270929.6 520405.5
260885.9 514222.1
270885.5 514155.4
278
100895.6 515318.5
110895.2 515248.1
100851.8 509068.7
110851.4 508998.2
279
110895.2 515248.1
120894.7 515177.9
110851.4 508998.2
120850.9 508928.2
280
120894.7 515177.9
130894.2 515108.1
120850.9 508929.2
130850.4 508858.4
281
130894.2 515108.1
140893.6 515038.5
130850.4 508858.4
140849.8 508788.8
286
180891.0 514762.7
190890.3 514694.4
180847.1 508513.2
190846.4 508444.7
287
190890.3 514694.4 
200889.6 514626.3
190846.4 508444.7
200845.7 508376.6
288
200889.6 514626.3
210888.9 514558.4
200845.7 508376.6
210845.0 508308.7
289
210888.9 514558.4
220888.2 514490.7
210845.0 508308.7
220844.3 508241.0
290
220888.2 514490.7
230887.6 514423.2
220844.3 508241.0
230843.6 508173.4
291
230887.6 514423.2
240887.0 514356.0
230843.6 508173.4
240843.0 508106.1
292
240887.0 514356.0
250886.4 514288.9
240843.0 508106.1
250842.5 508039.0
293
90852.1 509139.2
100851.8 509068.7
90808.6 502889.2
100808.1 502818.7
294
100851.8 509068.7
110851.4 508998.2
100808.1 502818.7
110807.6 502748.4
295
110851.4 508998.2
120850.9 508928.2
110807.6 502748.4
120807.1 502678.4
296
120850.9 508928.2
130850.4 508858.4
120807.1 502678.4
130806.6 502608.7
297
130850.4 508858.4
140849.8 508788.8
130806.6 502608.7
140806.0 502539.2
302
180847.1 508513.2
190846.4 508444.7
180803.3 502263.6
190802.5 502195.1
303
190846.4 508444.7
200845.7 508376.6
190802.5 502195.1
200801.8 502126.9
304
200845.7 508376.6
210845.0 508308.7
200801.8 502126.9
210801.1 502059.0
305
210845.0 508308.7
220844.3 508241.0
210801.1 502059.0
220800.4 501991.2
306
220844.3 508241.0
230843.6 508173.4
220800.4 501991.2
230799.8 501923.6
307
230843.6 508173.4
240843.0 508106.1
230799.8 501923.6
240799.2 501855.7
308
240843.0 508106.1
250842.5 508039.0
240799.2 501855.7
250798.6 501789.0
309
90808.6 502889.2
100808.1 502818.7
90764.7 496639.2
100764.4 496568.8
310
100808.1 502818.7
110807.6 502748.4
100764.4 496568.8
110763.9 496498.6
311
110807.6 502748.4
120807.1 502678.4
110763.9 496498.6
120763.3 496428.6
312
120807.1 502678.4
130806.6 502608.7
120763.3 496428.6
130762.9 496358.9
313
130806.6 502608.7
140806.0 502539.2
130762.9 496358.9
140762.3 496289.5
318
180803.3 502263.6
190802.5 502195.1
180759.5 496013.8
190758.8 495945.5
319
190802.5 502195.1
200801.8 502126.9
190758.8 495945.5
200758.1 495877.3
320
200801.8 502126.9
210801.1 502059.0
200758.1 495877.3
210757.4 495809.3
321
210801.1 502059.0
220800.4 501991.2
210757.4 495809.3
220756.7 495741.4
322
220800.4 501991.2
230799.8 501923.6
220756.7 495741.4
230756.0 495673.8
323
230799.8 501923.6
240799.2 501855.7
230756.0 495673.8
240755.4 495606.3
324
240799.2 501855.7
250798.6 501789.0
240755.4 495606.3
250754.8 495539.0
325
250798.6 501789.0
260798.1 501721.9
250754.8 495539.0
260754.3 495471.8
326
260798.1 501721.9
270797.6 501655.0
260754.3 495471.8
270753.9 495404.8
327
90764.7 496639.2
100764.4 496568.8
90721.1 490389.2
100720.7 490318.9
328
100764.4 496568.8
110763.9 496498.6
100720.7 490318.9
110720.3 490248.8
329
110763.9 496498.6
120763.3 496428.6
110720.3 490248.8
120719.8 490178.9
330
120763.3 496428.6
130762.9 496358.9
120719.8 490178.9
130719.2 490109.2
331
130762.9 496358.9
140762.3 496289.5
130719.2 490109.2
140718.6 490039.8
335
170760.2 496082.4
180759.5 496013.8
170716.6 489832.8
180715.9 489764.2
336
180759.5 496013.8
190758.8 495945.5
180715.9 489764.2
190715.7 489695.8
337
190758.8 495945.5
200758.1 495877.3
190715.7 489695.8
200714.4 489627.6
338
200758.1 495877.3
210757.4 495809.3
200714.4 489627.6
210713.7 489559.5
339
210757.4 495809.3
220756.7 495741.4
210713.7 489559.5
220713.0 489491.7
340
220756.7 495741.4
230756.0 495673.8
220713.0 489491.7
230712.3 489424.0
341
230756.0 495673.8
240755.4 495606.3
230712.3 489424.0
240711.7 489356.4
342
240755.4 495606.3
250754.8 495539.0
240711.7 489356.4
250711.2 489289.0
343
250754.8 495539.0
260754.3 495471.8
250711.2 489289.0
260710.6 489221.7
344
260754.3 495471.8
270753.9 495404.8
260710.6 489221.7
270710.2 489154.6
345
90721.1 490389.2
100720.7 490318.9
90677.5 484139.3
100677.1 484069.0
346
100720.7 490318.9
110720.3 490248.8
100677.1 484069.0
110676.7 483999.0
347
110720.3 490248.8
120719.8 490178.9
110676.7 483999.0
120676.2 483929.1
348
120719.8 490178.9
130719.2 490109.2
120676.2 483929.1
130675.6 483859.5
349
130719.2 490109.2
140718.6 490039.8
130675.6 483859.5
140675.0 483790.1
352
160717.3 489901.6
170716.6 489832.8
160673.7 483652.0
170673.0 483583.2
353
170716.6 489832.8
180715.9 489764.2
170673.0 483583.2
180672.2 483514.6
354
180715.9 489764.2
190715.7 489695.8
180672.2 483514.6
190671.5 483446.2
355
190715.7 489695.8
200714.4 489627.6
190671.5 483446.2
200670.8 483377.9
356
200714.4 489627.6
210713.7 489559.5
200670.8 483377.9
210670.1 483309.8
357
210713.7 489559.5
220713.0 489491.7
210670.1 483309.8
220669.4 483241.9
358
220713.0 489491.7
230712.3 489424.0
220669.4 483241.9
230668.8 483174.1
359
230712.3 489424.0
240711.7 489356.4
230668.8 483174.1
240668.1 483106.5
360
240711.7 489356.4
250711.2 489289.0
240668.1 483106.5
250667.6 483039.0
361
250711.2 489289.0
260710.6 489221.7
250667.6 483039.0
260667.1 482971.6
362
260710.6 489221.7
270710.2 489154.6
260667.1 482971.6
270666.6 482904.4
364
90677.5 484139.3
100677.1 484069.0
90633.9 477889.3
100633.6 477819.1
365
100677.1 484069.0
110676.7 483999.0
100633.6 477819.1
110633.2 477749.1
366
110676.7 483999.0
120676.2 483929.1
110633.2 477749.1
120632.6 477679.4
367
120676.2 483929.1
130675.6 483859.5
120623.6 477679.4
130632.1 477609.8
368
130675.6 483859.5
140675.0 483790.1
130632.1 477609.8
140631.5 477540.5
369
140675.0 483790.1
150674.4 483721.0
140631.5 477540.5
150630.8 477471.3
371
160673.7 483652.0
170673.0 483583.2
160630.1 477402.3
170629.4 477333.6
372
170673.0 483583.2
180672.2 483514.6
170629.4 477333.6
180628.7 477264.9
373
180672.2 483514.6
190671.5 483446.2
180628.7 477264.9
190628.0 477196.5
374
190671.5 483446.2
200670.8 483377.9
190628.0 477196.5
200627.3 477128.2
375
200670.8 483377.9
210670.1 483309.8 
200627.3 477128.2
210626.6 477060.1
376
210670.1 483309.8
220669.4 483241.9
210626.6 477060.1
220625.9 476992.1
377
220669.4 483241.9
230668.8 483174.1
220625.9 476992.1
230625.3 476924.2
378
230668.8 483174.1
240668.1 483106.5
230625.3 476924.2
240624.7 476856.5
379
240668.1 483106.5
250667.6 483039.0
240624.7 476856.5
250624.1 476788.9
380
250667.6 483039.0
260667.1 482971.6
250624.1 476788.9
260623.6 476721.5
381
260667.1 482971.6
270666.6 482904.4
260623.6 476721.5
270623.2 476654.1
382
80634.4 477959.7
90633.9 477889.3
80590.7 471709.7
90590.4 471639.3
383
90633.9 477889.3
100633.6 477819.1
90590.4 471639.3
100590.1 471569.2
384
100633.6 477819.1
110633.2 477749.1
100590.1 471569.2
110589.6 471499.3
385
110633.2 477749.1
120632.6 477679.4
110589.6 471499.3
120589.1 471429.6
386
120632.6 477679.4
130632.1 477609.8
120589.1 471429.6
130588.6 471360.1
387
130632.1 477609.8
140631.5 477540.5
130588.6 471360.1
140588.0 471290.8
388
140631.5 477540.5
150630.8 477471.3
140588.0 471290.8
150587.3 471221.7
389
150630.8 477471.3
160630.1 477402.3
150587.3 471221.7
160586.6 471152.7
390
160630.1 477402.3
170629.4 477333.6
160586.6 471152.7
170585.9 471083.9
391
170629.4 477333.6
180628.7 477264.9
170585.9 471083.9
180585.2 471015.3
392
180628.7 477264.9
190628.0 477196.5
180585.2 471015.3
190584.5 470946.8
393
190628.0 477196.5
200627.3 477128.2
190584.5 470946.8
200583.8 470878.5
394
200627.3 477128.2
210626.6 477060.1
200583.8 470878.5
210583.1 470810.3
395
210626.6 477060.1
220625.9 476992.1
210583.1 470810.3
220582.5 470742.3
396
220625.9 476992.1
230625.3 476924.2
220582.5 470742.3
230581.8 470674.3
397
230625.3 476924.2
240624.7 476856.5
230581.8 470674.3
240581.2 470606.5
398
240624.7 476856.5
250624.1 476788.9
240581.2 470606.5
250580.7 470538.9
399
250624.1 476788.9
260623.6 476721.5
250580.7 470538.9
260580.2 470471.3
400
260623.6 476721.5
270623.2 476654.1
260580.2 470471.3
270579.8 470403.8
401
80590.7 471709.7
90590.4 471639.3
80547.2 465459.6
90546.9 465389.4
402
90590.4 471639.3
100590.1 471569.2
90546.9 465389.4
100546.5 465319.3
403
100590.1 471569.2
110589.6 471499.3
100546.5 465319.3
110546.1 465249.5
404
110589.6 471499.3
120589.1 471429.6
110546.1 465249.5
120545.6 465179.9
405
120589.1 471429.6
130588.6 471360.1
120545.6 465179.9
130545.1 465110.4
406
130588.6 471360.1
140588.0 471290.8
130545.1 465110.4
140544.5 465041.1
407
140588.0 471290.8
150587.3 471221.7
140544.5 465041.1
150543.9 464972.0
408
150587.3 471221.7
160586.6 471152.7
150543.9 464972.0
160543.2 464903.1
409
160586.6 471152.7
170585.9 471083.9
160543.2 464903.1
170542.5 464834.3
410
170585.9 471083.9
180585.2 471015.3
170542.5 464834.3
180541.8 464765.6
411
180585.2 471015.3
190584.5 470946.8
180541.8 464765.6
190541.1 464697.1
412
190584.5 470946.8
200583.1 470878.5
190541.1 464697.1
200540.4 464628.8
413
200583.8 470878.5
210583.1 470810.3
200540.4 464628.8
210539.8 464560.5
414
210583.1 470810.3
220582.5 470742.3
210539.8 464560.5
220539.1 464492.4
415
220582.5 470742.3
230581.8 470674.3
220539.1 464492.4
230538.5 464424.4
416
230581.8 470674.3
240581.2 470606.5
230538.5 464424.4
240537.9 464356.5
417
240581.2 470606.5
250580.7 470538.9
240537.9 464356.5
250537.4 464288.8
418
250580.7 470538.9
260580.2 470471.3
250537.4 464288.8
260536.9 464221.1
419
260580.2 470471.3
270579.8 470403.8
260536.9 464221.1
270536.5 464153.5
420
70547.3 465530.0
80547.2 465459.6
70503.9 459279.9
80503.7 459209.5
421
80547.2 465459.6
90546.9 465389.4
80503.7 459209.5
90503.4 459139.4
422
90546.9 465389.4
100546.5 465319.3
90503.4 459139.4
100503.1 459069.4
423
100546.5 465319.3
110546.1 465249.5
100503.1 459069.4
110502.7 458999.7
424
110546.1 465249.5
120545.6 465179.9
110502.7 458999.7
120502.2 458930.1
425
120545.6 465179.9
130545.1 465110.4
120502.2 458930.1
130501.7 458860.7
426
130545.1 465110.4
140544.5 465041.1
130501.7 458860.7
140501.1 458791.4
427
140544.5 465041.1
150543.9 464972.0
140501.1 458791.4
150500.5 458722.3
428
150543.9 464972.0
160543.2 464903.1
150500.5 458722.3
160499.8 458653.4
429
160543.2 464903.1
170542.5 464834.3
160499.8 458653.4
170499.2 458584.6
430
170542.5 464834.3
180541.8 464765.6
170499.2 458584.3
180498.5 458515.9
431
180541.8 464765.6
190541.1 464697.1
180498.5 458515.9
190497.8 458447.4
432
190541.1 464697.1
200540.4 464628.8
190497.8 458447.4
200497.1 458379.0
433
200540.4 464628.8
210539.8 464560.5
200497.1 458379.0
210496.5 458310.7
434
210539.8 464560.5
220539.1 464492.4
210496.5 458310.7
220495.8 458242.5
435
220539.1 464492.4
230538.5 464424.4
220495.8 458242.5
230495.2 458174.5
436
230538.5 464424.4
240537.9 464356.5
230495.2 458174.5
240494.7 458106.5
437
240537.9 464356.5
250537.4 464288.8
240494.7 458106.5
250494.1 458038.7
438
250537.4 464288.8
260536.9 464221.1
250494.1 458038.7
260493.7 457970.9
439
70503.9 459279.9
80503.7 459209.5
70460.4 453029.7
80460.2 452959.5
440
80503.7 459209.5
90503.4 459139.4
80460.2 452959.5
90460.0 452889.4
441
90503.4 459139.4
100503.1 459069.4
90460.0 452889.4
100459.6 452819.6
442
100503.1 459069.4
110502.7 458999.7
100459.6 452819.6
110459.3 452749.8
443
110502.7 458999.7
120502.2 458930.1
110459.3 452749.8
120458.8 452680.3
444
120502.2 458930.1
130501.7 458860.7
120458.8 452680.3
130458.3 452610.9
445
130501.7 458860.7
140501.1 458791.4
130458.3 452610.9
140457.7 452541.7
446
140501.1 458791.4
150500.5 458722.3
140457.7 452541.7
150457.1 452472.6
447
150500.5 458722.3
160499.8 458653.4
150457.1 452472.6
160456.5 452403.7
448
160499.8 458653.4
170499.3 458584.6
160456.5 452403.7
170455.8 452334.9
449
170499.2 458584.6
180498.5 458515.9
170455.2 452334.9
180455.2 452266.2
450
180498.5 458515.9
190497.8 458447.4
180455.2 452266.2
190454.5 452197.7
451
190497.8 458447.4
200497.1 458379.0
190454.5 452197.7
200453.9 452129.2
452
200497.1 458379.0
210496.5 458310.7
200453.9 452129.2
210453.1 452060.9
453
210496.5 458310.7
220495.8 458242.5
210453.1 452060.9
220452.6 451992.7
454
220495.8 458242.5
230495.2 458174.5
220452.6 451992.7
230452.0 451924.5
455
230495.2 458174.5
240494.7 458106.5
230452.0 451924.5
240451.5 451856.5
456
240494.7 458106.5
250494.1 458038.7
240451.5 451856.5
250451.0 451788.5
457
60460.4 453100.2
70460.4 453029.7
60416.9 446849.9
70416.9 446779.6
458
70460.4 453029.7
80460.2 452959.5
70416.9 446779.6
80416.8 446709.4
459
80460.2 452959.5
90460.0 452889.4
80416.8 446709.4
90416.5 446639.5
460
90460.0 452889.4
100459.6 452819.6
90416.5 446639.5
100416.2 446569.8
461
100459.6 452819.6
110459.3 452749.8
100416.2 446569.8
110415.8 446500.0
462
110459.3 452749.8
120458.8 452680.3
110415.8 446500.0
120415.4 446430.5
463
120458.8 452680.3
130458.3 452610.9
120415.4 446430.5
130414.9 446361.2
464
130458.3 452610.9
140457.7 452541.7
130414.9 446361.2
140414.4 446292.0
465
140457.7 452541.7
150457.1 452472.6
140414.4 446292.0
150413.8 446222.9
466
150457.1 452472.6
160456.5 452403.7
150413.8 446222.9
160413.2 446154.0
467
160456.5 452403.7
170455.8 452334.9
160413.2 446154.0
170412.6 446085.2
468
170455.8 452334.9
180455.2 452266.2
170412.6 446085.2
180411.9 446016.5
469
180455.2 452266.2
190454.5 452197.7
180411.9 446016.5
190411.3 445947.9
470
190454.5 452197.7
200453.9 452129.2
190411.3 445947.9
200410.6 445879.5
471
200453.9 452129.2
210453.1 452060.9
200410.6 445879.5
210410.0 445811.0
472
210453.1 452060.9
220452.6 451992.7
210410.0 445811.0
220409.4 445742.8
473
220452.6 451992.7
230452.0 451924.5
220409.4 445742.8
230408.9 445674.5
474
230452.0 451924.5
240451.5 451856.5
230408.9 445674.5
240408.4 445606.4
475
240451.5 451856.5
250451.0 451788.5
240408.4 445606.4
250407.9 445538.3
476
250451.0 451788.5
260450.6 451720.6
250407.5 445538.3
260407.5 445470.3
478
60416.9 446849.9
70416.9 446779.6
60373.4 440599.6
70373.4 440529.4
479
70416.9 446779.6
80416.8 446709.4
70373.4 440529.4
80373.3 440459.4
480
80416.8 446709.4
90416.5 446639.5
80373.3 440459.4
90373.1 440389.5
481
90416.5 446639.5
100416.2 446569.8
90373.1 440389.5
100372.8 440319.7
482
100416.2 446569.8
110415.8 446500.0
100372.8 440319.7
110372.5 440250.2
483
110415.8 446500.0
120415.4 446430.5
110372.5 440250.2
120372.1 440180.7
484
120415.4 446430.5
130414.9 446361.2
120372.1 440180.7
130371.6 440111.4
485
130414.9 446361.2
140414.4 446292.0
130371.6 440111.4
140371.1 440042.3
486
140414.4 446292.0
150413.8 446222.9
140371.1 440042.3
150370.5 439973.2
487
150413.8 446222.9
160413.2 446154.0
150370.5 439973.2
160369.9 439904.3
488
160413.2 446154.0
170412.6 446085.2
160369.9 439904.3
170369.3 439835.5
489
170412.6 446085.2
180411.9 446016.5
170369.3 439835.5
180368.7 439766.8
490
180411.9 446016.5
190411.3 445947.9
180368.7 439766.8
190368.1 439698.1
491
190411.3 445947.9
200410.6 445879.5
190368.1 439698.1
200367.5 439629.6
492
200410.6 445879.5
210410.0 445811.0
200367.5 439629.6
210366.9 439561.2
493
210410.0 445811.0 
220409.4 445742.8
210366.9 439561.2
220366.4 439492.8
494
220409.4 445742.8
230408.9 445674.5
220366.4 439492.8
230365.8 439424.5
495
230408.9 445674.5
240408.4 445606.4
230365.8 439424.5
240365.3 439356.3
496
240408.4 445606.4
250407.9 445538.3
240365.3 439356.3
250364.9 439288.1
497
250407.9 445538.3
260407.5 445470.3
250364.9 439288.1
260364.5 439220.0
498
50373.4 440670.0
60373.4 440599.6
50329.9 434419.7
60330.0 434349.4
499
60373.4 440599.6
70373.4 440529.4
60330.0 434349.4
70330.0 434279.3
500
70373.4 440529.4
80373.3 440459.4
70330.0 434279.3
80329.9 434209.3
501
80373.3 440459.4
90373.1 440389.5
80329.9 434209.3
90329.7 434139.5
502
90373.1 440389.5
100372.8 440319.7
90329.7 434139.5
100329.5 434069.8
503
100372.8 440319.7
110372.5 440250.2
100329.5 434069.8
110329.1 434000.3
504
110372.5 440250.2
120372.1 440180.7
110329.1 434000.3
120328.7 433930.9
505
120372.1 440180.7
130371.6 440111.4
120328.7 433930.9
130328.3 433861.7
506
130371.6 440111.4
140371.1 440042.3
130328.3 433861.7
140327.8 433792.5
507
140371.1 440042.3
150370.5 439973.2
140327.8 433792.5
150327.3 433723.5
508
150370.5 439973.2
160369.9 439904.3
150327.3 433723.5
160326.7 433654.5
509
160369.9 439904.3
170369.3 439835.5
160326.7 433654.6
170326.1 433585.7
510
170369.3 439835.5
180368.7 439766.8
170326.1 433585.7
180325.6 433517.0
511
180368.7 439766.8
190368.1 439698.1
180325.6 433517.0
190325.0 433448.4
512
190368.1 439698.1
200367.5 439629.6
190325.0 433448.4
200324.4 433379.8
513
200367.5 439629.6
210366.9 439561.2
200324.4 433379.8
210323.8 433311.3
514
210366.9 439561.2
220366.4 439492.8
210323.8 433311.3
220323.3 433242.9
515
220366.4 439492.8
230365.8 439424.5
220323.3 433242.9
230322.8 433174.5
516
230365.8 439424.5
240365.3 439356.3
230322.8 433174.5
240322.4 433106.2
517
240365.3 439356.3
250364.9 439288.1
240322.4 433106.2
250321.9 433037.9
518
250364.9 439288.1
260364.5 439220.0
250321.9 433037.9
260321.6 432969.7
520
50329.9 434419.7
60330.0 434349.4
50286.3 428169.3
60286.5 428099.1
521
60330.0 434349.4
70330.0 434279.3
60286.5 428099.1
70286.5 428029.1
522
70330.0 434279.3
80329.9 434209.3
70286.5 428029.1
80286.5 427959.2
523
80329.9 434209.3
90329.7 434139.5
80286.5 427959.2
90286.3 427889.5
524
90329.7 434139.5
100329.5 434069.8
90286.3 427889.5
100286.1 427819.9
525
100329.5 434069.8
110329.1 434000.3
100286.1 427819.9
110285.8 427750.4
526
110329.1 434000.3
120328.7 433930.9
110285.8 427750.4
120285.4 427681.1
527
120328.7 433930.9
130328.3 433861.7
120285.4 427681.1
130285.0 427611.9
528
130328.3 433861.7
140327.8 433792.5
130285.0 427611.9
140284.6 427542.8
529
140327.8 433792.5
150327.3 433723.5
140284.6 427542.8
150284.1 427473.7
530
150327.3 433723.5
160326.7 433654.6
150284.1 427473.7
160283.5 427404.8
531
160326.7 433654.6
170326.1 433585.7
160283.5 427404.8
170283.0 427336.0
532
170326.1 433585.7
180325.6 433517.0
170283.0 427336.0
180282.4 427267.2
533
180325.6 433517.0
190325.0 433448.4
180282.4 427267.2
190281.9 427198.5
534
190325.0 433448.4
200324.4 433379.8
190281.9 427198.5
200281.4 427129.9
535
200324.4 433379.8
210323.8 433311.3
200281.4 427129.9
210280.8 427061.4
536
210323.8 433311.3
220323.3 433242.9
210280.8 427061.4
220280.3 426992.9
537
220323.3 433242.9
230322.8 433174.5
220280.3 426992.9
230279.9 426924.4
538
230322.8 433174.5
240322.4 433106.2
230279.9 426924.4
240279.5 426856.0
540
40286.1 428239.6
50286.3 428169.3
40242.5 421989.1
50242.8 421918.9
541
50286.3 428169.3
60286.5 428099.1
50242.8 421918.9
60243.0 421848.8
542
60286.5 428099.1
70286.5 428029.1
60243.0 421848.8
70243.1 421778.9
543
70286.5 428029.1
80286.5 427959.2
70243.1 421778.9
80243.0 421709.1
544
80286.5 427959.2
90286.3 427889.5
80243.0 421709.1
90242.9 421639.5
545
90286.3 427889.5
100286.1 427819.9
90242.9 421639.5
100242.7 421570.0
546
100286.1 427819.9
110285.8 427750.4
100242.7 421570.0
110242.5 421500.6
547
110285.8 427750.4
120285.4 427681.1
110242.5 421500.6
120242.1 421431.3
548
120285.4 427681.1
130285.0 427611.9
120242.1 421431.3
130241.8 421362.1
549
130285.0 427611.9
140284.6 427542.8
130241.8 421362.1
140241.3 421293.0
550
140284.6 427542.8
150284.1 427473.7
140241.3 421293.0
150240.9 421224.0
551
150284.1 427473.7
160283.5 427404.8
150240.9 421224.0
160240.4 421155.0
552
160283.5 427404.8
170283.0 427336.0
160240.4 421155.0
170239.9 421086.2
553
170283.0 427336.0
180282.4 427267.2
170239.9 421086.2
180239.4 421017.4
554
180282.4 427267.2
190281.9 427198.5
180239.4 421017.4
190238.9 420948.7
555
190281.9 427198.5
200281.4 427129.9
190238.9 420948.7
200238.4 420880.0
557
30242.1 422059.4
40242.5 421989.1
30198.5 415808.8
40199.0 415738.5
558
40242.5 421989.1
50242.8 421918.9
40199.0 415738.5
50199.3 415668.5
559
50242.8 421918.9
60243.0 421848.8
50199.3 415668.5
60199.5 415598.5
560
60243.0 421848.8
70243.1 421778.9
60199.5 415598.5
70199.6 415528.7
561
70243.1 421778.9
80243.0 421709.1
70199.6 415528.7
80199.6 415459.0
562
80243.0 421709.1
90242.9 421639.5
80199.6 415459.0
90199.5 415389.5
563
90242.9 421639.5
100242.7 421570.0
90199.5 415389.5
100199.4 415320.0
564
100242.7 421570.0
110242.5 421500.6
100199.4 415320.0
110199.2 415250.7
565
110242.5 421500.6
120242.1 421431.3
110199.2 415250.7
120198.9 415181.4
566
120242.1 421431.3
130241.8 421362.1
120198.9 415181.4
130198.5 415112.2
567
130241.8 421362.1
140241.3 421293.0
130198.5 415112.2
140198.1 415043.2
568
140241.3 421293.0
150240.9 421224.0
140198.1 415043.2
150197.7 414974.2
569
150240.9 421224.0
160240.4 421155.0
150197.7 414974.2
160197.3 414905.2
570
160240.4 421155.0
170239.9 421086.2
160197.3 414905.2
170196.8 414836.4
571
170239.9 421086.2
180239.4 421017.4
170196.8 414836.4
180196.3 414776.8
572
180239.4 421017.4
190238.9 420948.7
180196.3 414776.8
190195.9 414698.8
573
190238.9 420948.7
200238.4 420880.0
190195.9 414698.8
200195.4 414630.1
576
30198.5 415808.8
40199.0 415738.5
30154.9 409558.1
40155.4 409488.0
577
40199.0 415738.5
50199.3 415668.5
40155.4 409488.0
50155.8 409418.1
578
50199.3 415668.5
60199.5 415598.5
50155.8 409418.1
60156.0 409348.3
579
60199.5 415598.5
70199.6 415528.7
60156.0 409348.3
70156.2 409278.5 
580
70199.6 415528.7
80199.6 415459.0
70156.2 409278.5
80156.2 409208.9
581
80199.6 415459.0
90199.5 415389.5
80156.2 409208.9
90156.2 409139.4
582
90199.5 415389.5
100199.4 415320.0
90156.2 409139.4
100156.0 409070.1
583
100199.4 415320.0
110199.2 415250.7
100156.0 409070.1
110155.9 409000.8
584
110199.2 415250.7
120198.9 415181.4
110155.9 409000.8
120155.6 408931.5
585
120198.9 415181.4
130198.5 415112.2
120155.6 408931.5
130155.3 408862.4
586
130198.5 415112.2
140198.1 415043.2
130155.3 408862.4
140155.0 408793.7
587
140198.1 415043.2
150197.7 414974.2
140155.0 408793.7
150154.6 408724.4
588
150197.7 414974.2
160197.3 414905.2
150154.6 408724.4
160154.2 408655.4
589
160197.3 414905.2
170196.8 414836.4
160154.2 408655.4
170153.8 408586.5
590
170196.8 414836.4
180196.3 414776.8
170153.8 408586.5
180153.3 408517.7
591
180196.3 414776.8
190195.9 414698.8
180153.3 408517.7
190152.9 408448.9
592
190195.9 414698.8
200195.4 414630.1
190152.9 408448.9
200152.5 408380.1
593
200195.4 414630.1
210195.0 414561.4
200152.5 408380.1
210152.1 408311.4
596
30154.9 409558.1
40155.4 409488.0
30111.3 403307.4
40111.8 403237.5
597
40155.4 409488.0
50155.8 409418.1
40111.8 403237.5
50112.2 403167.6
598
50155.8 409418.1
60156.0 409348.3
50112.2 403167.6
60112.5 403097.9
599
60156.0 409348.3
70156.2 409278.5
60112.5 403097.9
70112.7 403028.3
600
70156.2 409278.5
80156.2 409208.9
70112.7 403028.3
80112.8 402958.8
601
80156.2 409208.9
90156.2 409139.4
80112.8 402958.8
90112.8 402889.4
602
90156.2 409139.4
100156.0 409070.1
90112.8 402889.4
100112.7 402820.1
603
100156.0 409070.1
110155.9 409000.8
100112.7 402820.1
110112.6 402750.8
604
110155.9 409000.8
120155.6 408931.5
110112.6 402750.8
120112.4 402681.6
605
120155.6 408931.5
130155.3 408862.4
120112.4 402681.6
130112.1 402612.5
606
130155.3 408862.4
140155.0 408793.7
130112.1 402612.5
140111.8 402543.5
607
140155.0 408793.7
150154.6 408724.4
140111.8 402543.5
150111.5 402474.5
608
150154.6 408724.4
160154.2 408655.4
150111.5 402474.5
160111.1 402405.6
609
160154.2 408655.4
170153.8 408586.5
160111.1 402405.6
170110.7 402336.7
610
170153.8 408586.5
180153.3 408517.7
170110.7 402336.7
180110.4 402267.8
611
180153.3 408517.7
190152.9 408448.9
180110.4 402267.8
190110.0 402199.0
612
190152.9 408448.9
200152.5 408380.1
190110.0 402199.0
200109.6 402130.2
613
200152.5 408380.1
210152.1 408311.4
200109.6 402130.2
210109.3 402061.4
614
10109.8 403447.7
20110.6 403377.5
10066.1 397196.7
20066.9 397126.7
615
20110.6 403377.5 
30111.3 403307.4
20066.9 397126.7
30067.6 397056.8
616
30111.3 403307.4
40111.8 403237.5
30067.6 397056.8
40068.2 396987.0
617
40111.8 403237.5
50112.2 403167.6
40068.2 396987.0
50068.6 396917.2
618
50112.2 403167.6
60112.5 403097.9
50068.6 396917.2
60069.0 396847.6
619
60112.5 403097.9
70112.7 403028.3
60069.0 396847.6
70069.2 396778.1
620
70112.7 403028.3
80112.8 402958.8
70069.2 396778.1
80069.3 396708.7
621
80112.8 402958.8
90112.8 402889.4
80069.3 396708.7
90069.4 396639.3
622
90112.8 402889.4
100112.7 402820.1
90069.4 396639.3
100069.4 396570.1
623
100112.7 402820.1
110112.6 402750.8
100069.4 396570.1
110069.3 396500.9
624
110112.6 402750.8
120112.4 402681.6
110069.3 396500.9
120069.1 396431.7
625
120112.4 402681.6
130112.1 402612.5
120069.1 396431.7
130068.9 396362.6
626
130112.1 402612.5
140111.8 402543.5
130068.9 396362.6
140068.7 396293.6
627
140111.8 402543.5
150111.5 402474.5
140068.7 396293.6
150068.4 396224.6
628
150111.5 402474.5
160111.1 402405.6
150068.4 396224.6
160068.1 396155.7
629
160111.1 402405.6
170110.7 402336.7
160068.1 396155.7
170067.7 396086.8
630
170110.7 402336.7
180110.4 402267.8
170067.7 396086.8
180067.4 396017.9
631
180110.4 402267.8
190110.0 402199.0
180067.4 396017.9
190067.1 395949.0
632
190110.0 402199.0
200109.6 402130.2
190067.1 395949.0
200066.8 395880.1
633
200109.6 402130.2
210109.3 402061.4
200066.8 395880.1
210066.5 395811.3
634
10066.1 397196.7
20066.9 397126.7
10022.3 390945.7
20023.2 390875.8
635
20066.9 397126.7
30067.6 397056.8
20023.2 390875.8
30023.9 390806.0
636
30067.6 397056.8
40068.2 396987.0
30023.9 390806.0
40024.6 390736.3
637
40068.2 396987.0
50068.6 396917.2
40024.6 390736.3
50025.1 390666.8
638
50068.6 396917.2
60069.0 396847.6
50025.1 390666.8
60025.4 390597.3
639
60069.0 396847.6
70069.2 396778.1
60025.4 390597.3
70025.7 390527.8
640
70069.2 396778.1
80069.3 396708.7
70025.7 390527.8
80025.9 390458.5
641
80069.3 396708.7
90069.4 396639.3
80025.9 390458.5
90026.0 390389.2
642
90069.4 396639.3
100069.4 396570.1
90026.0 390389.2
100026.0 390320.0
643
100069.4 396570.1
110069.3 396500.9
100026.0 390320.0
110026.0 390250.9
644
110069.3 396500.9
120069.1 396431.7
110026.0 390250.9
120025.9 390181.8
645
120069.1 396431.7
130068.9 396362.6
120025.9 390181.8
130025.7 390112.7
646
130068.9 396362.6
140068.7 396293.6
130025.7 390112.7
140025.5 390043.7
647
140068.7 396293.6
150068.4 396224.6
140025.5 390043.7
150025.3 389974.7
648
150068.4 396224.6
160068.1 396155.7
150025.3 389974.7
160025.0 389905.8
649
160068.1 396155.7
170067.7 396086.8
160025.0 389905.8
170024.8 389836.8
650
170067.7 396086.8
180067.4 396017.9
170024.8 389836.8
180024.5 389767.9
651
180067.4 396017.9
190067.1 395949.0
180024.5 389767.9
190024.2 389699.0
652
190067.1 395949.0
200066.8 395880.1
190024.2 389699.0
200024.0 389630.1
653
200066.8 395880.1
210066.5 395811.3
200024.0 389630.1
210023.7 389561.1
654
210066.5 395811.3
220066.2 395757.6
210023.7 389561.1
220023.5 389492.2
655
10022.3 390945.7
20023.2 390875.8
9978.5 384694.7
19979.4 384625.0
656
20023.2 390875.8
30023.9 390806.0
19979.4 384625.0
29980.2 384555.3
657
30023.9 390806.0
40024.6 390736.3
29980.2 384555.3
39980.9 384485.8
658
40024.6 390736.3
50025.1 390666.8
39980.9 384485.8
49981.4 384416.3
659
50025.1 390666.8
60025.4 390597.3
49981.4 384416.3
59981.9 384346.9
660
60025.4 390597.3
70025.7 390527.8
59981.9 384346.9
69982.2 384277.6
661
70025.7 390527.8
80025.9 390458.5
69982.2 384277.6
79982.4 384208.3
662
80025.9 390458.5 
90026.0 390389.2
79982.4 384208.3
89982.6 384139.1
663
90026.0 390389.2
100026.0 390320.0
89982.6 384139.1
99982.7 384070.0
664
100026.0 390320.0
110026.0 390250.9
99982.7 384070.0
109982.7 384000.9
665
110026.0 390250.9
120025.9 390181.8
109982.7 384000.9
119982.6 383931.8
666
120025.9 390181.8
130025.7 390112.7
119982.6 383931.8
129982.5 383862.8
667
130025.7 390112.7
140025.5 390043.7
129982.5 383862.8
139982.4 383793.8
668
140025.5 390043.7
150025.3 389974.7
139982.4 383793.8
149982.2 383724.8
669
150025.3 389974.7
160025.0 389905.8
149982.2 383724.8
159982.0 383655.8
670
160025.0 389905.8
170024.8 389836.8
159982.0 383655.8
169981.8 383586.9
671
170024.8 389836.8
180024.5 389767.9
169981.8 383586.9
179981.6 383517.9
672
180024.5 389767.9
190024.2 389699.0
179981.6 383517.9
189981.4 383448.9
673
190024.2 389699.0
200024.0 389630.1
189981.4 383448.9
199981.2 383380.0
674
200024.0 389630.1
210023.7 389561.1
199981.2 383380.0
209981.0 383311.0
675
210023.7 389561.1
220023.5 389492.2
209981.0 383311.0
219980.9 383241.9 
676
9978.5 384694.7
19979.4 384625.0
9934.6 378443.7
19935.6 378374.1
677
19979.4 384625.0
29980.2 384555.3
19935.6 378374.1
29936.5 378304.6
678
29980.2 384555.3
39980.9 384485.8
29936.5 378304.6
39937.2 378235.2
679
39980.9 384485.8
49981.4 384416.3
39937.2 378235.2
49937.8 378165.8
680
49981.4 384416.3
59981.9 384346.9
49937.8 378165.8
59938.3 378096.5
681
59981.9 384346.9
69982.2 384277.6
59938.3 378096.5
69938.7 378027.3
682
69982.2 384277.6
79982.4 384208.3
69938.7 378027.3
79939.0 377958.1
683
79982.4 384208.3
89982.6 384139.1
79939.0 377958.1
89939.2 377889.0
684
89982.6 384139.1
99982.7 384070.0
89939.2 377889.0
99939.3 377819.9
685
99982.7 384070.0
109982.7 384000.9
99939.3 377819.9
109939.4 377750.8
686
109982.7 384000.9
119982.6 383931.8
109939.4 377750.8
119939.4 377681.8
687
119982.6 383931.8
129982.5 383862.8
119939.4 377681.8
129939.4 377612.8
688
129982.5 383862.8
139982.4 383793.8
129939.4 377612.8
139939.3 377543.8
689
139982.4 383793.8
149982.2 383724.8
139939.3 377543.8
149939.2 377474.8
690
149982.2 383724.8
159982.0 383655.8
149939.2 377474.8
159939.0 377405.8
691
159982.0 383655.8
169981.8 383586.9
159939.0 377405.8
169938.9 377336.9
692
169981.8 383586.9
179981.6 383517.9
169938.9 377336.9
179938.7 377267.9
693
179981.6 383517.9
189981.4 383448.9
179938.7 377267.9
189938.6 377198.9
694
189981.4 383448.9
199981.2 383380.0
189938.6 377198.9
199938.4 377129.8
695
199981.2 383380.0
209981.0 383311.0
199938.4 377129.8
209938.3 377060.8
696
209981.0 383311.0
219980.9 383241.9
209938.3 377060.8
219938.2 376991.7
697
9934.6 378443.7
19935.6 378374.1
9890.7 372192.7
19891.8 372123.2
698
19935.6 378374.1
29936.5 378304.6
19891.8 372123.2
29892.7 372053.9
699
29936.5 378304.6
39937.2 378235.2
29892.7 372053.9
39893.5 371984.5
700
39937.2 378235.2
49937.8 378165.8
39893.5 371984.5
49894.1 371915.3
701
49937.8 378165.8
59938.3 378096.5
49894.1 371915.3
59894.7 371846.1
702
59938.3 378096.5
69938.7 378027.3
59894.7 371846.1
69895.1 371777.0
703
69938.7 378027.3
79939.0 377958.1
69895.1 371777.0
79895.5 371707.9
704
79939.0 377958.1
89939.2 377889.0
79895.5 371707.9
89895.7 371638.8
705
129939.4 377612.8
139939.3 377543.8
129896.2 371362.8
139896.1 371293.8
706
139939.3 377543.8
149939.2 377474.8
139896.1 371293.8
149896.1 371224.8
707
149939.2 377474.8
159939.0 377405.8
149896.1 371224.8
159896.0 371155.8
708
159939.0 377405.8
169938.9 377336.9
159896.0 371155.8
169896.0 371086.8
709
169938.9 377336.9
179938.7 377267.9
169896.0 371086.8
179895.9 371017.8 
710
179938.7 377267.9
189938.6 377198.9
179895.9 371017.8
189895.8 370948.7
711
189938.6 377198.9
199938.4 377129.8
189895.8 370948.7
199895.7 370879.6
712
199938.4 377129.8
209938.3 377060.8
199895.7 370879.6
209895.7 370810.5
713
209938.3 377060.8
219938.2 376991.7
209895.7 370810.5
219895.6 370741.3
714
9890.7 372192.7
19891.8 372123.2
9846.8 365941.7
19847.9 365872.4
715
19891.8 372123.2
29892.7 372053.9
19847.9 365872.4
29848.9 365803.1
716
29892.7 372053.9
39893.5 371984.5
29848.9 365803.1
39849.7 365733.9
717
39893.5 371984.5
49894.1 371915.3
39849.7 365733.9
49850.4 365664.8
718
49894.1 371915.3
59894.7 371846.1
49850.4 365664.8
59851.0 365595.7
719
59894.7 371846.1
69895.5 371777.0
59851.0 365595.7
69851.5 365526.6
720
69895.1 371777.0
79895.5 371707.9
69851.5 365526.6
79852.0 365457.6
721
129896.2 371362.8
139896.1 371293.8
129853.0 365112.8
139853.0 365043.8
722
139896.1 371293.8
149896.1 371224.8
139853.0 365043.8
149853.0 364974.8
723
149896.1 371224.8
159896.0 371155.8
149853.0 364974.8
159853.0 364905.8
724
159896.0 371155.8
169896.0 371086.8
159853.0 364905.8
169853.0 364836.8
725
169896.0 371086.8
179895.9 371017.8
169853.0 364836.8
179853.0 364767.7
726
179895.9 371017.8
189895.8 370948.7
179853.0 364767.7
189853.0 364698.6
727
189895.8 370948.7
199895.7 370879.6
189853.0 364698.6
199853.0 364629.4
728
199895.7 370879.6
209895.7 370810.5
199853.0 364629.4
209853.0 364560.2
729
9846.8 365941.7
19847.9 365872.4
9802.8 359690.6
19804.0 359621.4
730
19847.9 365872.4
29848.9 365803.1
19804.0 359621.4
29805.0 359552.3
731
39849.7 365733.9
49850.4 365664.8
39805.9 359483.3
49806.7 359414.2
732
49850.4 365664.8
59851.0 365595.7
49806.7 359414.2
59807.4 359345.3
733
59851.0 365595.7
69851.5 365526.6
59807.4 359345.3
69807.9 359276.3
734
139853.0 365043.8
149853.0 364974.8
139809.9 358793.7
149810.0 358724.7
735
149853.0 364974.8
159853.0 364905.8
149810.0 358724.7
159810.1 358655.7
736
159853.0 364905.8
169853.0 364836.8
159810.1 358655.7
169810.1 358586.6
737
169853.0 364836.8
179853.0 364767.7
169810.1 358586.6
179810.2 358517.5
738
179853.0 364767.7
189853.0 364698.6
179810.2 358517.5
189810.2 358448.4
739
189853.0 364698.6
199853.0 364629.4
189810.2 358448.4
199810.3 358379.1
740
199853.0 364629.4
209853.0 364560.2
199810.3 358379.1
209810.4 358309.9
741
39805.9 359483.3
49806.7 359414.2
39762.0 353232.8
49762.9 353163.7
742
49806.7 359414.2
59807.4 359345.3
49762.9 353163.7
59763.6 353094.6
743
159810.1 358655.7
169810.1 358586.6
159767.2 352405.6
169767.2 352336.5
744
169810.1 358586.6
179810.2 358517.5
169767.2 352336.5
179767.4 352267.3
745
179810.2 358517.5
189810.2 358448.4
179767.4 352267.3
189767.5 352198.1
746
189810.2 358448.4
199810.3 358379.1
189767.5 352198.1
199767.6 352128.8
747
199810.3 358379.1
209810.4 358309.9
199767.6 352128.8
209767.8 352059.5
748
209810.4 358309.9
219810.5 358240.5
209767.8 352059.5
219768.0 351990.0
749
179767.4 352267.3
189767.5 352198.1
179724.5 346017.0
189724.8 345947.8
750
189767.5 352198.1
199767.6 352128.8
189724.8 345947.8
199725.0 345878.5
751
199767.6 352128.8
209767.8 352059.5
199725.0 345878.5
209725.2 345809.0
752
179724.5 346017.0
189724.8 345947.8
179681.7 339766.8
189682.0 339697.5
753
189724.8 345947.8
199725.0 345878.5
189682.0 339697.5
199682.3 339628.0
754
199725.0 345878.5
209725.2 345809.0
199682.3 339628.0
209682.7 339558.5
755
179681.7 339766.8
189682.0 339697.5
179638.9 333516.4
189639.3 333445.1
756
189682.0 339697.5
199682.3 339628.0
189639.3 333445.1
199639.7 333377.6
757
169638.5 333585.7
179638.9 333516.4
169595.6 327335.4
179596.1 327266.1
758
179638.9 333516.4
189639.3 333445.1
179596.1 327266.1
189596.5 327196.6
759
189639.3 333445.1
199639.7 333377.6
189596.5 327196.6
199597.0 327127.1
760
199639.7 333377.6
209640.1 333307.9
199597.0 327127.1
209597.6 327057.4
761
169595.6 327335.4
179596.1 327266.1
169552.7 321085.0
179553.2 321015.6
762
179596.1 327266.1
189596.5 327196.6
179553.2 321015.6
189553.8 320946.1
763
189596.5 327196.6
199597.0 327127.1
189553.8 320946.1
199554.4 320876.5
764
199597.0 327127.1
209597.6 327057.4
199554.4 320876.5
209555.0 320806.6
765
169552.7 321085.0
179553.2 321015.6
169509.7 314834.5
179510.4 314765.1
766
179553.2 321015.6
189553.8 320946.1
179510.4 314765.1
189511.1 314695.5
767
189553.8 320946.1
199554.4 320876.5
189511.1 314695.5
199511.7 314625.8
768
199554.4 320876.5
209555.0 320806.6
199511.7 314625.8
209512.5 314556.0 
769
169509.7 314834.5
179510.4 314765.1
169466.8 308584.0
179467.5 308514.5
770
179510.4 314765.1
189511.1 314695.5
179467.5 308514.5
189468.3 308444.9
771
189511.1 314695.5
199511.7 314625.8
189468.3 308444.9
199469.1 308375.1
772
199511.7 314625.8
209512.5 314556.0
199469.1 308375.1
209469.9 308305.2
773
169466.8 308584.0
179467.5 308514.5
169423.8 302333.4
179424.6 302263.9
774
179467.5 308514.5
189468.3 308444.9
179424.6 302263.9
189425.5 302194.2
775
189468.3 308444.9
199469.1 308375.1
189425.5 302194.2
199426.4 302124.4
776
199469.1 308375.1
209469.9 308305.2
199426.4 302124.4
209427.3 302054.3
